Tirana: 0
Andorra la Vella: 1
Yerevan: 2
Vienna: 3
Baku: 4
Minsk: 5
Brussels: 6
Sarajevo: 7
Sofia: 8
Zagreb: 9
Nicosia: 10
Prague: 11
Copenhagen: 12
Tallinn: 13
Torshavn: 14
Helsinki: 15
Paris: 16
Tbilisi: 17
Berlin: 18
Gibraltar: 19
Athens: 20
Vatican City: 21
Budapest: 22
Reykjavik: 23
Dublin: 24
Rome: 25
Riga: 26
Vaduz: 27
Vilnius: 28
Luxembourg: 29
Skopje: 30
Valletta: 31
Chisinau: 32
Podgorica: 33
Amsterdam: 34
Oslo: 35
Warsaw: 36
Lisbon: 37
Bucharest: 38
Moscow: 39
San Marino: 40
Belgrade: 41
Bratislava: 42
Ljubljana: 43
Madrid: 44
Stockholm: 45
Bern: 46
Ankara: 47
Kyiv: 48
London: 49
-----------------
0 
1518.31 0 
2842.4 4806.26 0 
1340.17 1824.61 3418.77 0 
3208.5 5172.36 690.18 3522.54 0 
2207.43 2913.64 2828.49 1243.21 2853.41 0 
2143.93 1170.18 4532.58 1108.04 4327.13 1837.47 0 
391.18 1992.65 3016.85 763.58 3397.18 1671.16 1660.98 0 
539.26 2400.85 2405.55 1004.41 2785.88 1873.78 2117.35 601.75 0 
587.45 1619.63 3197.65 375.83 3577.98 1610.1 1288.25 398.09 783.58 0 
2034.8 3998.66 1780.9 2602.22 2070.42 2728.2 3715.16 2199.56 1590.14 2382.2 0 
1622.07 1740.27 3700.67 332.95 3658.16 1217.35 902.46 1063.45 1286.6 694.43 2872.99 0 
2404.39 2071.28 3872.82 1115.27 4034.74 1545.09 919.63 1868.81 2068.92 1469.94 3655.3 783.2 0 
2958.91 3344.94 3279.22 1674.5 3304.15 787.57 2268.82 2400.29 2623.44 2035.98 4209.83 1644.35 1078.11 0 
3948.13 3423.07 5391.1 2659.01 5553.02 3063.37 2271.42 3364.58 3612.66 2965.71 5199.05 2326.94 1544.4 2210.72 0 
3045.76 3431.79 3359.86 1761.35 3384.79 874.41 2355.67 2487.14 2710.29 2122.83 4296.68 1731.2 1135.91 87.05 2266.85 0 
1994.99 859.87 4586.43 1236.34 4663.04 2127.57 312.22 1786.87 2172.36 1388.24 3758.75 1030.31 1221.8 2571.57 2573.04 2661.15 0 
2634.19 4598.06 275.2 3201.62 582.07 2559.99 3899.84 2798.96 2189.54 2981.59 1705.62 3483.69 3609.36 3012.56 5127.0 3094.96 4443.34 0 
1970.48 1890.14 3436.13 681.36 3598.05 1108.39 764.62 1411.86 1635.01 1071.28 3221.4 349.29 433.13 1552.39 1959.23 1641.97 1054.15 3167.13 0 
3153.79 1190.35 5880.03 2887.54 6260.36 3975.32 2231.11 3080.47 3465.96 2681.85 5052.35 2802.26 3140.7 4419.32 4491.94 4508.89 1928.38 5684.5 2951.56 0 
500.66 2669.39 2948.98 1707.4 3329.31 2576.76 2820.34 1080.84 791.44 1487.37 2121.3 1989.47 2770.89 3340.13 4296.98 3429.71 2949.12 2753.45 2337.05 3760.66 0 
738.26 1367.17 4089.68 1127.29 4470.01 2361.56 1494.17 1290.13 1675.62 891.5 3262.0 1304.97 1907.14 2805.56 3353.23 2895.13 1426.54 3894.15 1507.37 2458.44 1318.21 0 
1104.87 1945.8 3183.47 242.71 3563.8 1116.65 1355.65 565.67 769.4 344.62 2355.79 524.78 1306.2 1875.44 2832.29 1965.02 1484.43 2987.93 872.36 3037.07 1469.49 1218.15 0 
5023.99 4498.94 6466.97 3734.88 6628.89 4139.24 3347.29 4440.45 4688.53 4041.58 6274.91 3402.81 2620.27 3286.59 3425.71 3339.58 3649.0 6197.97 3034.89 5566.93 5388.61 4427.01 3926.8 0 
3038.7 1911.2 5496.56 2072.01 5254.46 2764.8 964.13 2648.44 3082.49 2249.57 4668.88 1866.34 1846.92 3208.8 3198.16 3298.37 1061.26 4823.53 1691.82 2970.93 3782.57 2469.24 2320.76 4274.09 0 
612.57 1385.03 4083.63 1121.24 4463.96 2355.51 1488.12 1284.07 1669.56 885.45 3255.95 1298.92 1901.09 2799.51 3347.18 2889.08 1420.49 3888.1 1501.32 2476.3 1299.79 6.14 1213.95 4423.1 2550.63 0 
2649.36 3035.39 3161.58 1364.95 3186.51 478.01 1959.27 2090.74 2313.89 1726.43 3900.28 1334.8 907.25 311.44 3186.43 401.01 2248.8 2892.58 1231.61 4126.66 3013.98 2480.3 1552.17 4262.35 2973.03 2476.26 0 
1409.11 1194.36 3981.26 672.55 4269.54 1804.52 765.34 1181.7 1567.19 783.08 3153.58 612.81 1181.05 2248.52 2543.19 2338.1 763.54 3785.73 780.76 2285.63 2267.28 839.65 921.3 3619.11 1799.07 835.61 1938.86 0 
2452.0 2838.03 3185.31 1167.59 3210.23 186.92 1761.91 1893.38 2116.53 1529.07 2921.23 1137.44 1471.43 598.71 2989.06 688.28 2051.44 2916.31 1034.25 3929.3 2816.62 2282.94 1354.81 4064.99 2775.67 2278.9 289.05 1728.68 0 
1906.35 1211.49 4369.54 944.99 4323.58 1833.96 198.37 1509.87 1955.46 1111.24 3541.85 738.96 917.62 2277.96 2268.87 2367.53 406.89 4174.0 771.04 2302.76 2655.55 1308.49 1193.74 3344.79 1243.13 1304.45 1968.3 581.36 1766.74 0 
153.4 2440.57 2664.95 1044.13 3045.28 1913.49 2157.07 641.47 244.22 824.1 1837.27 1326.2 2107.62 2676.86 3633.71 2766.44 2285.85 2469.42 1673.78 3531.84 695.72 1004.42 810.21 4709.64 3208.39 999.15 2367.2 1605.61 2165.65 2012.16 0 
1054.8 2404.33 3829.26 2140.54 4209.59 3374.81 2507.42 1233.15 1671.72 1904.75 3001.58 2318.22 2920.38 3818.81 4366.47 3908.38 2439.78 3633.73 2520.62 3495.6 1528.09 1050.53 2233.25 5442.4 3569.92 1045.26 3509.15 1855.25 3307.59 2327.8 1357.1 0 
1363.45 3028.23 2070.22 1328.8 2321.31 1031.98 2220.93 1246.38 821.42 1427.06 1855.67 1455.76 1953.65 1820.24 3479.75 1909.82 2461.06 1801.23 1519.81 4119.51 1617.49 2300.58 965.86 4555.67 3234.37 2296.55 1510.58 2006.11 1219.09 2138.02 1067.17 3315.01 0 
131.23 2190.39 3009.82 1068.8 3390.15 1901.74 1981.22 229.6 571.17 713.68 2182.14 1391.86 2167.92 2747.07 3662.81 2836.64 2013.62 2814.29 1739.44 3281.67 857.05 709.18 798.46 4738.74 3032.55 703.91 2437.41 1414.51 2235.86 1738.8 397.1 1072.4 1320.33 0 
2182.48 1358.38 4056.03 1146.59 4217.96 1728.3 211.43 1723.02 2157.07 1324.15 3743.46 876.72 789.81 2172.3 2141.05 2261.88 508.45 3787.04 655.33 2426.38 2857.15 1657.41 1395.34 3216.98 1218.49 1653.38 1862.64 874.59 1661.09 360.52 2196.26 2671.84 2143.44 2020.82 0 
2161.16 2547.98 4290.23 1709.45 4190.2 1962.5 1396.33 2463.0 2663.1 2064.13 4249.49 1377.39 606.29 938.76 1474.76 991.76 1698.05 4021.23 1027.1 3615.97 3363.19 2498.9 1901.38 2548.51 2410.09 2494.87 1005.59 1667.75 1294.58 1394.52 2702.29 3513.33 2551.25 2760.79 1266.12 0 
1216.98 2377.88 2887.19 682.87 3049.11 545.99 1301.77 1408.66 1631.81 1044.35 3218.2 677.29 1011.29 989.99 2528.92 1079.56 1591.3 2618.19 574.11 3469.15 2331.9 1798.23 870.09 3604.85 2315.52 1794.19 680.33 1268.53 478.77 1315.71 1671.0 2812.65 982.68 1741.02 1193.29 1424.33 0 
2473.89 1232.68 5944.99 2909.58 6325.32 3918.19 2038.17 3145.43 3530.92 2746.81 5117.31 2701.99 2947.76 4362.18 4299.0 4451.76 1735.44 5749.46 2780.55 657.01 3798.7 2495.6 3075.31 5374.93 2865.6 2515.05 4052.53 2236.93 3850.97 2153.59 3570.11 3533.51 4175.56 3320.04 2233.43 3426.63 3382.45 0 
926.74 2770.98 2492.65 1071.54 2872.98 1370.86 2184.48 881.92 384.71 982.7 1664.97 1353.61 2135.03 2248.31 3661.12 2337.88 2313.26 2297.11 1701.19 3862.25 1180.79 2043.33 837.62 4737.05 3235.81 2039.29 1938.65 1748.86 1737.1 2039.57 630.47 2060.68 454.58 862.75 2222.58 2725.94 1262.37 3899.27 0 
2916.07 3622.28 2249.3 1951.85 2274.23 717.02 2546.17 2396.28 2164.04 2313.33 3018.12 1921.7 2255.69 1039.64 3773.32 1107.17 2835.7 1980.3 1818.51 4713.56 3280.69 3067.2 1825.48 4849.25 3559.93 3063.16 921.85 2512.94 944.1 2560.12 2619.8 4081.63 1332.4 2634.7 2437.69 1918.89 1255.2 4562.26 1781.16 0 
836.17 1286.34 3835.2 872.81 4215.53 2107.08 1258.91 1035.65 1421.13 637.02 3007.52 1069.71 1671.87 2551.08 3117.96 2640.65 1191.27 3639.67 1272.11 2377.62 1416.12 334.24 965.53 4193.89 2321.41 330.21 2241.42 606.74 2039.87 1079.29 1460.33 1356.91 2065.77 842.54 1421.59 2262.79 1546.52 2414.64 1792.36 2816.4 0 
388.45 2009.52 2808.87 613.09 3189.2 1482.45 1726.02 292.28 394.8 393.06 1981.19 895.15 1676.57 2245.82 3202.67 2335.39 1854.81 2613.33 1242.74 3100.8 1094.88 1281.87 379.16 4278.59 2777.35 1277.84 1936.16 1174.57 1734.61 1581.12 433.99 2296.3 972.42 452.79 1764.13 2267.49 1241.26 3137.82 595.31 2191.76 1030.74 0 
1298.26 1919.71 3376.86 80.06 3579.16 1235.11 1193.0 739.64 962.79 387.77 2549.18 328.44 1109.86 1679.1 2635.95 1768.68 1321.78 3181.33 676.02 3010.98 1662.88 1192.06 201.07 3711.88 2244.33 1188.02 1369.44 757.38 1167.89 1048.09 1001.98 2206.49 1304.48 1016.9 1203.81 1700.77 674.54 2948.65 1031.07 1944.42 940.92 571.83 0 
677.94 1484.01 3335.69 383.99 3716.02 1618.26 1192.77 536.13 921.62 137.51 2508.01 707.05 1392.51 2062.26 2887.4 2151.84 1241.32 3140.16 992.75 2575.28 1621.71 756.36 462.98 3963.33 2223.99 752.32 1752.6 642.2 1551.05 966.49 960.81 1770.79 1563.23 770.96 1230.87 1983.42 1057.7 2612.31 1289.82 2327.58 505.22 530.65 449.72 0 
2665.48 608.85 5391.72 2399.22 5772.05 3458.05 1578.04 2592.16 2977.65 2193.53 4564.04 2241.85 2487.62 3902.05 3838.86 3991.62 1275.3 5196.18 2320.41 658.81 3245.42 1942.33 2522.04 4914.79 2405.46 1961.77 3592.39 1768.16 3390.83 1693.45 3016.84 2980.23 3622.28 2766.76 1773.29 2966.49 2922.32 625.24 3348.88 4167.36 1863.78 2586.68 2495.05 2060.05 0 
3048.91 2715.8 3681.28 1759.79 3706.21 966.12 1564.15 2513.33 2713.44 2114.46 4299.83 1427.72 656.63 426.39 1787.57 479.39 1865.86 3412.28 1077.43 3783.79 3413.52 2549.24 1951.71 2863.5 2577.91 2545.2 521.6 1824.62 776.43 1562.34 2752.63 3563.66 2601.58 2811.13 1433.93 525.7 1477.11 3592.42 2781.71 1439.0 2317.0 2322.47 1755.31 2035.84 3126.09 0 
1504.55 966.37 4171.76 863.52 4470.46 1980.84 670.37 1372.2 1757.69 973.58 3344.08 807.78 1234.09 2424.84 2596.23 2514.41 569.05 3976.23 957.07 2057.64 2457.78 935.09 1112.27 3672.16 1659.91 931.06 2115.18 232.46 1913.62 490.75 1796.88 1949.52 2215.68 1546.81 833.05 1723.87 1445.11 2004.41 1942.27 2690.15 702.85 1366.72 948.1 840.09 1538.24 1880.61 0 
1111.54 3408.19 1484.99 2011.75 1986.4 2117.0 3124.69 1609.1 999.67 1791.73 751.6 2293.82 3075.24 2905.26 4601.33 2994.83 3253.47 1410.53 2641.4 4499.46 1544.5 2680.54 1777.83 5677.26 4176.02 2676.5 2595.6 2573.24 2304.1 2979.78 1263.78 2424.38 1256.18 1604.13 3162.79 3666.16 2639.93 4536.49 1088.3 2412.76 2429.4 1401.66 1969.15 1931.37 3980.06 3721.76 2765.04 0 
2206.72 3132.1 2100.57 1324.85 2262.5 567.81 2067.35 1686.93 1301.61 1481.65 2155.69 1395.76 1776.87 1356.07 3294.5 1445.64 2401.06 1831.57 1339.68 4223.37 2097.69 2355.17 1116.13 4370.43 3081.1 2351.14 1046.41 2004.31 754.92 2078.02 1910.44 3369.6 469.98 1925.35 1958.87 2189.91 788.49 4146.87 918.73 863.57 2104.04 1480.28 1315.65 1599.24 3680.54 2245.51 2199.85 1557.1 0 
2448.91 1321.42 4906.78 1482.23 4664.68 2175.02 374.34 2058.66 2492.71 1659.79 4079.09 1276.56 1257.14 2619.02 2608.38 2708.59 471.48 4233.75 1102.04 2381.15 3192.79 1879.46 1730.98 3684.31 686.71 1875.42 2309.36 1123.11 2107.81 568.78 2531.9 2893.88 2563.4 2356.46 541.52 1736.02 1639.29 2189.78 2560.98 2884.34 1647.22 2101.74 1566.81 1555.95 1723.45 1903.65 984.69 3500.27 2403.82 0 
